59996
64757
64844
148324
161987
187930
204367
257383
273391
278577
311845
318506
347010
368101
378101
384743
393073
400106
563534
582182
586009
614498
657651
716362
800013
875750
901710
903584
907661
939422
977308
1005536
1012926
1035863
1069899
1086754
1152140
1155462
1205724
1209181
1221976
1225967
1241520
1241526
1256127
1277331
1284456
1304751
1308135
1310351
1331357
1344842
1356960
1381278
1437767
1462988
1492042
1495614
1496352
1508426
1566341
1577579
1593053
1606879
1617339
1630462
1635094
1702239
1709856
1713308
1725054
1733116
1735988
1741162
1747765
1752507
1761031
1769622
1773624
1774876
1796793
1801350
1803773
1807098
1823181
1840037
1842305
1850465
1851859
1853985
1861139
1880537
1909412
1976638
2008494
2026161
2047418
2088080
2137412
2141235
2145746
2166048
2172160
2178236
2183091
2200153
2232416
2232641
2241682
2270028
2275105
2278519
2294740
2315354
2411697
2414072
2463989
2492609
2505489
2506662
2512774
2542471
2554026
2571238
2575899
2577189
2625297
2654259
2677964
2715331
2739093
2779911
2781735
2790904
2824279
2908070
2910788
2926601
2963062
2999044
3022098
3031243
3033674
3051924
3100190
3109797
3139372
3143727
3171934
3190491
3200460
3202846
3203149
3247409
3278466
3298905
3318670
3353858
3373712
3396050
3464371
3555020
3604374
3624668
3642611
3664305
3749125
3854519
3870544
3919890
3958224
4014391
4025932
4061630
4084209
4124654
4135072
4214829
4324853
4406419
4511621
4793748
4807071
5650570
16741847
